Sender
    
------------------
    
weights:
    
[[  6.4   3.7   1.  202.6]
 [130.6   1.   18.1   1. ]
 [  1.  260.2   2.8   1. ]
 [  1.    1.    1.    6.4]]
    
distribution:
    
[[0.03 0.02 0.   0.95]
 [0.87 0.01 0.12 0.01]
 [0.   0.98 0.01 0.  ]
 [0.11 0.11 0.11 0.68]]
    


    
Receiver
    
------------------
    
weights:
    
[[  6.4 130.6   1.    1. ]
 [  3.7   1.  260.2   1. ]
 [  1.   18.1   2.8   1. ]
 [202.6   1.    1.    6.4]]
    
distribution:
    
[[0.03 0.87 0.   0.11]
 [0.02 0.01 0.98 0.11]
 [0.   0.12 0.01 0.11]
 [0.95 0.01 0.   0.68]]
    