Sender
    
------------------
    
weights:
    
[[  1.9   1.9  64.    1. ]
 [  1.9   3.7   1.    1. ]
 [  2.8  16.3   1.9   2.8]
 [457.3   2.8   1.9 147.7]]
    
distribution:
    
[[0.03 0.03 0.93 0.01]
 [0.25 0.49 0.13 0.13]
 [0.12 0.68 0.08 0.12]
 [0.75 0.   0.   0.24]]
    


    
Receiver
    
------------------
    
weights:
    
[[  1.9   1.9   2.8 457.3]
 [  1.9   3.7  16.3   2.8]
 [ 64.    1.    1.9   1.9]
 [  1.    1.    2.8 147.7]]
    
distribution:
    
[[0.03 0.25 0.12 0.75]
 [0.03 0.49 0.68 0.  ]
 [0.93 0.13 0.08 0.  ]
 [0.01 0.13 0.12 0.24]]
    