Sender
    
------------------
    
weights:
    
[[ 19.   2. 802.   3.]
 [866.   1.   1.   3.]
 [  1. 883.   5.  14.]
 [  1.   2.   1. 906.]]
    
distribution:
    
[[0.02 0.   0.97 0.  ]
 [0.99 0.   0.   0.  ]
 [0.   0.98 0.01 0.02]
 [0.   0.   0.   1.  ]]
    


    
Receiver
    
------------------
    
weights:
    
[[ 19. 866.   1.   1.]
 [  2.   1. 883.   2.]
 [802.   1.   5.   1.]
 [  3.   3.  14. 906.]]
    
distribution:
    
[[0.02 0.99 0.   0.  ]
 [0.   0.   0.98 0.  ]
 [0.97 0.   0.01 0.  ]
 [0.   0.   0.02 1.  ]]
    