Sender
    
------------------
    
weights:
    
[[1.20e+04 1.00e+00 1.00e+00 4.00e+00 9.00e+00 1.00e+00 3.00e+00 1.00e+00]
 [1.00e+00 5.50e+01 1.10e+01 5.00e+00 1.00e+00 1.17e+04 1.00e+00 1.00e+00]
 [4.00e+00 1.00e+00 2.00e+00 1.21e+04 2.00e+00 9.00e+00 2.00e+00 1.00e+00]
 [3.00e+00 1.00e+00 1.00e+00 3.00e+00 1.22e+04 1.00e+00 3.00e+00 1.00e+00]
 [2.00e+00 2.00e+00 1.00e+00 1.00e+00 1.00e+00 4.00e+00 1.00e+00 2.13e+03]
 [1.00e+00 2.14e+03 9.96e+03 1.00e+00 1.00e+00 1.00e+00 1.00e+00 1.00e+00]
 [1.50e+01 1.00e+00 1.00e+00 1.00e+00 3.00e+00 1.00e+00 1.23e+04 7.00e+00]
 [4.00e+00 2.00e+00 1.00e+00 1.00e+00 1.00e+00 2.00e+00 2.00e+00 9.90e+03]]
    
distribution:
    
[[9.98e-01 8.31e-05 8.31e-05 3.32e-04 7.48e-04 8.31e-05 2.49e-04 8.31e-05]
 [8.46e-05 4.65e-03 9.30e-04 4.23e-04 8.46e-05 9.94e-01 8.46e-05 8.46e-05]
 [3.30e-04 8.26e-05 1.65e-04 9.98e-01 1.65e-04 7.43e-04 1.65e-04 8.26e-05]
 [2.45e-04 8.16e-05 8.16e-05 2.45e-04 9.99e-01 8.16e-05 2.45e-04 8.16e-05]
 [9.35e-04 9.35e-04 4.67e-04 4.67e-04 4.67e-04 1.87e-03 4.67e-04 9.94e-01]
 [8.26e-05 1.77e-01 8.22e-01 8.26e-05 8.26e-05 8.26e-05 8.26e-05 8.26e-05]
 [1.22e-03 8.13e-05 8.13e-05 8.13e-05 2.44e-04 8.13e-05 9.98e-01 5.69e-04]
 [4.03e-04 2.02e-04 1.01e-04 1.01e-04 1.01e-04 2.02e-04 2.02e-04 9.99e-01]]
    


    
Receiver
    
------------------
    
weights:
    
[[1.20e+04 1.00e+00 4.00e+00 3.00e+00 2.00e+00 1.00e+00 1.50e+01 4.00e+00]
 [1.00e+00 5.50e+01 1.00e+00 1.00e+00 2.00e+00 2.14e+03 1.00e+00 2.00e+00]
 [1.00e+00 1.10e+01 2.00e+00 1.00e+00 1.00e+00 9.96e+03 1.00e+00 1.00e+00]
 [4.00e+00 5.00e+00 1.21e+04 3.00e+00 1.00e+00 1.00e+00 1.00e+00 1.00e+00]
 [9.00e+00 1.00e+00 2.00e+00 1.22e+04 1.00e+00 1.00e+00 3.00e+00 1.00e+00]
 [1.00e+00 1.17e+04 9.00e+00 1.00e+00 4.00e+00 1.00e+00 1.00e+00 2.00e+00]
 [3.00e+00 1.00e+00 2.00e+00 3.00e+00 1.00e+00 1.00e+00 1.23e+04 2.00e+00]
 [1.00e+00 1.00e+00 1.00e+00 1.00e+00 2.13e+03 1.00e+00 7.00e+00 9.90e+03]]
    
distribution:
    
[[9.98e-01 8.46e-05 3.30e-04 2.45e-04 9.35e-04 8.26e-05 1.22e-03 4.03e-04]
 [8.31e-05 4.65e-03 8.26e-05 8.16e-05 9.35e-04 1.77e-01 8.13e-05 2.02e-04]
 [8.31e-05 9.30e-04 1.65e-04 8.16e-05 4.67e-04 8.22e-01 8.13e-05 1.01e-04]
 [3.32e-04 4.23e-04 9.98e-01 2.45e-04 4.67e-04 8.26e-05 8.13e-05 1.01e-04]
 [7.48e-04 8.46e-05 1.65e-04 9.99e-01 4.67e-04 8.26e-05 2.44e-04 1.01e-04]
 [8.31e-05 9.94e-01 7.43e-04 8.16e-05 1.87e-03 8.26e-05 8.13e-05 2.02e-04]
 [2.49e-04 8.46e-05 1.65e-04 2.45e-04 4.67e-04 8.26e-05 9.98e-01 2.02e-04]
 [8.31e-05 8.46e-05 8.26e-05 8.16e-05 9.94e-01 8.26e-05 5.69e-04 9.99e-01]]
    